Season,Teams,G,FG,FGA,FG%,3P,3PA,3P%,FT,FTA,FT%,TRB,AST,STL,BLK,TOV,PF,PTS
2023-24,362,31.2,26.2,58.7,44.6,7.5,21.9,34.1,13.8,19.2,71.8,35.5,13.4,6.6,3.4,11.8,16.9,73.6
2022-23,363,32.9,25.7,57.7,44.5,7.4,21.6,34.2,13.0,18.1,71.5,34.8,13.2,6.5,3.2,12.5,16.9,71.7
2021-22,358,32.0,25.5,57.9,44.1,7.4,21.9,33.9,12.5,17.5,71.6,35.1,13.1,6.6,3.3,12.6,16.6,71.0
2020-21,347,23.7,25.7,58.1,44.2,7.4,21.7,34.0,12.9,18.3,70.9,35.4,13.4,6.5,3.2,13.2,17.3,71.7
2019-20,350,31.4,25.3,57.9,43.8,7.3,21.7,33.5,13.3,18.8,70.8,35.5,13.1,6.4,3.2,13.2,17.6,71.2
2018-19,351,33.0,25.7,58.0,44.4,7.8,22.4,34.5,13.5,19.1,70.6,35.4,13.4,6.3,3.4,12.9,17.8,72.7
2017-18,351,32.9,26.1,58.3,44.7,7.7,21.9,35.2,13.9,19.6,71.3,35.5,13.7,6.2,3.4,12.9,18.1,73.8
2016-17,347,32.8,25.7,58.0,44.4,7.4,21.1,35.2,14.5,20.5,70.4,35.7,13.6,6.2,3.4,13.0,18.8,73.4
2015-16,346,32.7,25.5,58.0,44.0,7.1,20.5,34.7,14.9,21.3,69.9,36.2,13.4,6.2,3.5,12.6,19.3,73.0
2014-15,345,33.1,23.6,54.3,43.5,6.4,18.6,34.5,14.0,20.2,69.2,34.3,12.6,6.3,3.5,12.5,18.2,67.6
2013-14,345,32.7,24.5,55.4,44.2,6.3,18.2,34.6,15.7,22.4,69.8,34.8,12.8,6.2,3.7,12.3,19.1,71.0
2012-13,345,32.5,23.8,55.0,43.3,6.2,18.1,34.1,13.7,19.8,69.3,34.6,12.8,6.7,3.5,13.3,17.7,67.5
2011-12,338,32.5,24.0,55.0,43.6,6.2,18.1,34.4,13.9,20.1,69.1,34.5,12.9,6.6,3.4,13.5,18.1,68.0
2010-11,335,32.3,24.1,55.3,43.7,6.3,18.2,34.5,14.5,20.9,69.3,34.8,13.0,6.5,3.5,13.5,18.7,69.1
2009-10,334,32.2,24.3,55.7,43.6,6.3,18.2,34.3,14.5,21.0,68.9,35.2,13.1,6.7,3.5,13.7,18.6,69.3
2008-09,330,32.1,24.3,55.5,43.8,6.3,18.3,34.4,14.0,20.2,69.0,34.8,13.2,6.7,3.3,13.9,18.4,68.8
2007-08,328,31.9,24.5,55.4,44.1,6.7,19.1,35.2,13.9,20.2,69.1,34.6,13.5,6.8,3.4,14.4,18.6,69.6
2006-07,325,31.7,24.4,55.2,44.3,6.6,18.9,35.0,14.0,20.3,69.0,34.4,13.6,6.8,3.3,14.5,18.7,69.5
2005-06,326,30.1,24.4,55.6,43.9,6.4,18.4,34.9,13.9,20.1,69.1,34.7,13.7,7.1,3.3,14.7,18.4,69.2
2004-05,326,29.9,24.4,55.7,43.9,6.4,18.3,34.7,14.0,20.4,68.7,34.9,13.7,7.2,3.3,14.7,18.6,69.2
2003-04,326,29.7,24.5,55.9,43.8,6.3,18.3,34.6,14.3,20.7,68.8,35.1,13.7,7.2,3.2,14.9,19.0,69.6
2002-03,325,29.7,24.8,56.4,44.0,6.3,18.1,34.8,14.4,20.7,69.4,35.1,13.8,7.2,3.3,14.9,19.1,70.2
2001-02,321,30.2,25.1,57.2,43.8,6.3,18.3,34.6,14.8,21.5,69.0,35.9,13.9,7.3,3.4,15.1,19.2,71.3
2000-01,318,29.8,25.0,56.8,44.0,6.1,17.7,34.6,15.4,22.4,68.5,35.9,13.9,7.1,3.3,15.2,19.9,71.5
1999-00,318,30.0,25.0,57.4,43.5,6.1,17.7,34.4,14.5,21.2,68.1,36.3,14.0,7.6,3.4,15.8,18.9,70.5
1998-99,310,29.1,24.8,57.0,43.6,5.9,17.4,34.2,14.7,21.6,67.8,36.1,13.9,7.8,3.3,16.0,19.0,70.3
1997-98,306,30.3,25.3,57.7,43.9,6.0,17.4,34.4,14.9,22.0,67.5,36.4,14.0,7.6,3.2,15.9,19.4,71.4
1996-97,305,28.9,24.9,57.2,43.5,5.8,17.1,34.0,14.7,21.8,67.4,36.1,13.9,7.5,3.2,15.7,19.3,70.2
1995-96,305,28.7,25.8,58.5,44.1,5.8,17.1,34.2,15.1,22.4,67.4,36.7,14.1,7.4,3.2,15.6,19.4,72.5
1994-95,302,28.7,26.5,59.7,44.4,5.9,17.2,34.4,15.3,22.6,67.6,37.2,14.5,7.5,3.3,15.8,19.7,74.2
1993-94,301,28.7,26.8,60.6,44.3,5.7,16.5,34.5,15.6,23.2,67.1,37.8,14.5,7.8,3.3,15.9,19.9,75.0
1992-93,298,28.6,26.5,58.6,45.2,5.3,14.9,35.4,15.4,22.8,67.7,36.1,14.5,7.6,3.2,15.8,19.6,73.6
1991-92,298,29.5,26.7,58.4,45.7,5.0,14.0,35.6,15.9,23.3,68.1,,,,,,20.0,74.2
1990-91,295,29.6,27.9,60.6,46.1,5.0,13.8,36.2,15.9,23.2,68.6,,,,,,19.6,76.7
1989-90,292,29.6,27.5,59.5,46.2,4.7,12.8,36.8,15.6,22.6,68.9,,,,,,19.8,75.3
1988-89,293,29.6,28.1,59.4,47.3,4.4,11.8,37.8,15.6,22.6,69.1,,,,,,20.1,76.2
1987-88,290,29.6,27.6,58.4,47.3,4.0,10.4,38.3,15.2,22.0,68.9,,,,,,19.7,74.4
1986-87,290,29.6,27.2,58.7,46.4,3.5,9.2,38.4,14.9,21.5,69.1,,,,,,19.7,72.8
1985-86,283,29.5,27.4,57.3,47.7,,,,14.7,21.3,69.1,,,,,,19.6,69.4
1984-85,282,29.3,27.3,57.0,47.9,,,,14.7,21.3,68.9,,,,,,19.7,69.2
1983-84,276,29.1,26.7,55.6,48.1,,,,14.8,21.4,68.9,,,,,,20.0,68.2
1982-83,274,29.0,27.2,57.0,47.7,,,,14.5,21.2,68.5,,,,,,19.9,69.3
1981-82,273,28.0,26.7,55.6,47.9,,,,14.3,20.8,68.6,,,,,,19.4,67.6
1980-81,264,28.1,27.8,58.0,48.0,,,,14.5,21.0,68.9,,,,,,20.1,70.1
1979-80,261,28.0,28.6,59.7,47.9,,,,14.9,21.3,69.6,,,,,,20.2,72.0
1978-79,257,27.7,29.6,62.1,47.7,,,,14.8,21.1,69.7,,,,,,20.6,74.0
1977-78,254,27.2,30.1,63.6,47.3,,,,14.3,20.7,69.2,,,,,,20.2,74.5
1976-77,245,27.2,30.4,64.9,46.7,,,,14.2,20.5,69.4,,,,,,20.1,74.9
1975-76,235,26.6,31.0,66.3,46.7,,,,13.8,19.9,69.2,,,,,,20.2,75.7
1974-75,235,26.2,31.5,68.4,46.0,,,,13.7,19.9,69.0,,,,,,20.2,76.6
1973-74,233,26.0,31.0,68.3,45.4,,,,12.8,18.7,68.4,,,,,,19.2,74.8
1972-73,216,25.8,31.2,69.6,44.8,,,,13.1,19.2,68.4,,,,,,19.2,75.5
1971-72,210,25.7,30.1,67.2,44.8,,,,17.5,25.6,68.6,,,,,,19.2,77.7
1970-71,203,25.8,30.1,67.8,44.4,,,,17.5,25.7,68.1,,,,,,19.3,77.7
1969-70,196,25.4,30.0,67.8,44.2,,,,17.7,25.7,68.7,,,,,,19.3,77.6
1968-69,193,25.3,29.1,66.4,43.8,,,,17.4,25.4,68.4,,,,,,19.0,75.6
1967-68,189,25.1,29.1,66.6,43.7,,,,17.4,25.1,69.1,,,,,,19.0,75.5
1966-67,185,24.9,28.9,66.0,43.8,,,,17.2,24.9,69.0,,,,,,19.2,74.9
1965-66,182,21.9,30.0,68.8,43.6,,,,17.5,25.3,69.2,,,,,,19.2,77.5
1964-65,182,24.8,29.2,67.7,43.1,,,,17.4,25.2,69.0,,,,,,19.3,75.7
1963-64,179,24.3,28.7,67.4,42.5,,,,17.1,25.1,68.3,,,,,,19.1,74.4
1962-63,178,23.5,26.6,63.8,41.7,,,,16.3,23.9,68.2,,,,,,18.2,69.5
1961-62,178,24.4,27.0,67.3,40.2,,,,16.5,24.3,67.9,,,,,,18.1,70.5
1960-61,173,24.5,26.7,65.6,40.7,,,,17.4,25.5,68.2,,,,,,18.2,70.7
1959-60,175,24.5,26.3,66.2,39.8,,,,17.4,25.8,67.4,,,,,,18.4,70.0
1958-59,174,24.3,25.9,66.2,39.1,,,,17.0,25.4,67.1,,,,,,18.2,68.7
1957-58,173,24.0,25.8,67.1,38.4,,,,16.8,25.3,66.4,,,,,,18.2,68.4
1956-57,167,24.6,25.8,67.6,38.2,,,,20.4,30.3,67.3,,,,,,18.3,72.0
1955-56,166,24.7,26.1,69.5,37.5,,,,21.2,31.7,66.8,,,,,,18.9,73.3
1954-55,162,23.6,25.6,69.3,36.9,,,,21.6,32.4,66.5,,,,,,19.0,72.7
1953-54,160,24.6,24.4,67.8,35.4,,,,21.0,32.2,65.2,,,,,,21.0,69.0
1952-53,158,23.8,24.0,69.1,34.7,,,,21.1,32.9,64.0,,,,,,21.3,69.1
1951-52,156,25.7,23.8,70.3,33.7,,,,15.8,25.3,62.6,,,,,,22.5,63.3
1950-51,153,26.0,22.8,68.9,33.1,,,,15.1,24.1,62.8,,,,,,21.4,60.7
1949-50,145,25.2,21.6,68.4,31.6,,,,14.4,23.3,61.8,,,,,,19.5,57.6
1948-49,148,25.3,20.7,67.4,30.8,,,,13.4,21.7,61.6,,,,,,19.4,54.8
1947-48,160,24.7,20.3,69.4,29.3,,,,12.7,21.1,59.8,,,,,,18.5,53.3
